11101000
00000011
00000001
10001100
00000000
00000000
00000010
00100100
00000000
00000000
00000011
00100100
00000000
00000000
00001100
00100100
01010000
00000000
00001111
00100100
00001000
00000000
01101111
00010000
00000001
00000000
10001100
00100101
00000100
00000000
01100011
00100100
11101000
00000011
01101010
10001100
00101010
00100000
01000001
00000001
11111010
11111111
10000000
00010000
00100000
00001000
01000000
00000001
00000000
00000000
10000010
00100101
11110111
11111111
00000000
00010000
11010000
00000111
00000001
10101100
00000100
00000000
00001011
00100100
11010000
00000111
01100010
10101101