01101110
00000000
00000000
00000000
01101111
00000000
00000000
00000000
01110000
00000000
00000000
00000000
01110001
00000000
00000000
00000000
01110010
00000000
00000000
00000000
01110011
00000000
00000000
00000000
00010000
00000000
00000000
00000000
00000111
00000000
00000000
00000000
00001000
00000000
00000000
00000000
00000001
00000000
00000000
00000000
00001010
00000000
00000000
00000000
00001011
00000000
00000000
00000000
00001100
00000000
00000000
00000000
00001101
00000000
00000000
00000000
00001110
00000000
00000000
00000000
11111100
11111111
11111111
11111111
00000010
00000000
00000000
00000000
11111011
11111111
11111111
11111111
11111010
11111111
11111111
11111111
00001100
00000000
00000000
00000000
00101100
00000000
00000000
00000000
00000101
00000000
00000000
00000000


